0.000000000000000000e+00
1.587301587301587213e-01
3.174603174603174427e-01
4.761904761904761640e-01
6.349206349206348854e-01
7.936507936507936067e-01
9.523809523809523281e-01
1.111111111111111160e+00
1.269841269841269771e+00
1.428571428571428381e+00
1.587301587301587213e+00
1.746031746031746046e+00
1.904761904761904656e+00
2.063492063492063266e+00
2.222222222222222321e+00
2.380952380952380931e+00
2.539682539682539542e+00
2.698412698412698152e+00
2.857142857142856762e+00
3.015873015873015817e+00
3.174603174603174427e+00
3.333333333333333037e+00
3.492063492063492092e+00
3.650793650793650702e+00
3.809523809523809312e+00
3.968253968253967923e+00
4.126984126984126533e+00
4.285714285714285587e+00
4.444444444444444642e+00
4.603174603174602808e+00
4.761904761904761862e+00
4.920634920634920029e+00
-4.920634920634920029e+00
-4.761904761904761862e+00
-4.603174603174602808e+00
-4.444444444444444642e+00
-4.285714285714285587e+00
-4.126984126984126533e+00
-3.968253968253967923e+00
-3.809523809523809312e+00
-3.650793650793650702e+00
-3.492063492063492092e+00
-3.333333333333333037e+00
-3.174603174603174427e+00
-3.015873015873015817e+00
-2.857142857142856762e+00
-2.698412698412698152e+00
-2.539682539682539542e+00
-2.380952380952380931e+00
-2.222222222222222321e+00
-2.063492063492063266e+00
-1.904761904761904656e+00
-1.746031746031746046e+00
-1.587301587301587213e+00
-1.428571428571428381e+00
-1.269841269841269771e+00
-1.111111111111111160e+00
-9.523809523809523281e-01
-7.936507936507936067e-01
-6.349206349206348854e-01
-4.761904761904761640e-01
-3.174603174603174427e-01
-1.587301587301587213e-01
