0.000000000000000000e+00
-2.499984296581096999e-01
-4.987405858003377546e-01
-7.462264684267054804e-01
-9.924560775371986665e-01
-1.237429413131824418e+00
-1.481146475210586289e+00
-1.723607263773466514e+00
-1.964811778820486410e+00
-2.204760020351635319e+00
-2.443451988366906136e+00
-2.680887682866313071e+00
-2.917067103849852572e+00
-3.151990251317514424e+00
-3.385657125269315504e+00
-3.618067725705238491e+00
-3.849222052625297597e+00
-4.079120106029488824e+00
-4.307761885917798850e+00
-4.535147392290248547e+00
-4.761276625146823704e+00
-4.986149584487534980e+00
-5.209766270312375269e+00
-5.432126682621337466e+00
-5.653230821414439333e+00
-5.873078686691670214e+00
-6.091670278453023002e+00
-6.309005596698515461e+00
-6.525084641428136933e+00
-6.739907412641880313e+00
-6.953473910339759811e+00
-7.165784134521764770e+00
-7.376838085187905847e+00
-7.586635762338179489e+00
-7.795177165972575040e+00
-8.002462296091106708e+00
-8.208491152693760284e+00
-8.413263735780553532e+00
-8.616780045351475792e+00
-8.819040081406519960e+00
-9.020043843945703799e+00
-9.219791332969013098e+00
-9.418282548476451410e+00
-9.615517490468025841e+00
-9.811496158943723955e+00
-1.000621855390355464e+01
-1.019968467534751788e+01
-1.039189452327560836e+01
-1.058284809768782786e+01
-1.077254539858417814e+01
-1.096098642596465922e+01
-1.114817117982927286e+01
-1.133409966017801374e+01
-1.151877186701088362e+01
-1.170218780032788786e+01
-1.188434746012901932e+01
-1.206525084641428158e+01
-1.224489795918367285e+01
-1.242328879843719314e+01
-1.260042336417484776e+01
-1.277630165639662962e+01
-1.295092367510254228e+01
-1.312428942029258749e+01
-1.329639889196675995e+01
-1.346725209012506141e+01
-1.363684901476749367e+01
-1.380518966589405672e+01
-1.397227404350475233e+01
-1.413810214759957518e+01
-1.430267397817852704e+01
-1.446598953524161324e+01
-1.462804881878882668e+01
-1.478885182882017091e+01
-1.494839856533564415e+01
-1.510668902833524641e+01
-1.526372321781898300e+01
-1.541950113378684684e+01
-1.557402277623884146e+01
-1.572728814517496865e+01
-1.587929724059522307e+01
-1.603005006249960473e+01
-1.617954661088812074e+01
-1.632778688576076576e+01
-1.647477088711754334e+01
-1.662049861495844993e+01
-1.676497006928348554e+01
-1.690818525009265016e+01
-1.705014415738594380e+01
-1.719084679116337355e+01
-1.733029315142492521e+01
-1.746848323817061299e+01
-1.760541705140042978e+01
-1.774109459111437559e+01
-1.787551585731245396e+01
-1.800868084999466134e+01
-1.814058956916099774e+01
-1.827124201481146315e+01
-1.840063818694606113e+01
-1.852877808556478811e+01
-1.865566171066764767e+01
-1.878128906225463268e+01
-1.890566014032575026e+01
-1.902877494488100041e+01
-1.915063347592037601e+01
-1.927123573344388419e+01
-1.939058171745152137e+01
-1.950867142794329112e+01
-1.962550486491918988e+01
-1.974108202837921766e+01
-1.985540291832337800e+01
-1.996846753475166736e+01
-2.008027587766408573e+01
-2.019082794706063311e+01
-2.030012374294131305e+01
-2.040816326530612201e+01
-2.051494651415506354e+01
-2.062047348948813053e+01
-2.072474419130533008e+01
-2.082775861960666219e+01
-2.092951677439211977e+01
-2.103001865566170991e+01
-2.112926426341542907e+01
-2.122725359765328079e+01
-2.132398665837526153e+01
-2.141946344558137127e+01
-2.151368395927161004e+01
-2.160664819944598491e+01
-2.169835616610448525e+01
-2.178880785924711461e+01
-2.187800327887387652e+01
-2.196594242498476746e+01
-2.205262529757978740e+01
-2.213805189665893991e+01
-2.222222222222222143e+01
-2.230513627426963552e+01
-2.238679405280117507e+01
-2.246719555781684718e+01
-2.254634078931664831e+01
-2.262422974730058201e+01
-2.270086243176864471e+01
-2.277623884272083643e+01
-2.285035898015716072e+01
-2.292322284407761401e+01
-2.299483043448219632e+01
-2.306518175137090765e+01
-2.313427679474375154e+01
-2.320211556460072444e+01
-2.326869806094182636e+01
-2.333402428376706084e+01
-2.339809423307642433e+01
-2.346090790886992039e+01
-2.352246531114754191e+01
-2.358276643990929600e+01
-2.364181129515517910e+01
-2.369959987688519476e+01
-2.375613218509933944e+01
-2.381140821979761313e+01
-2.386542798098001938e+01
-2.391819146864655465e+01
-2.396969868279721894e+01
-2.401994962343201223e+01
-2.406894429055093809e+01
-2.411668268415399297e+01
-2.416316480424118041e+01
-2.420839065081249331e+01
-2.425236022386793877e+01
-2.429507352340751680e+01
-2.433653054943122029e+01
-2.437673130193905635e+01
-2.441567578093102497e+01
-2.445336398640711906e+01
-2.448979591836734571e+01
-2.452497157681170492e+01
-2.455889096174018960e+01
-2.459155407315280684e+01
-2.462296091104955309e+01
-2.465311147543043191e+01
-2.468200576629543974e+01
-2.470964378364457303e+01
-2.473602552747784245e+01
-2.476115099779524087e+01
-2.478502019459676831e+01
-2.480763311788242476e+01
-2.482898976765221377e+01
-2.484909014390613180e+01
-2.486793424664417884e+01
-2.488552207586635845e+01
-2.490185363157266707e+01
-2.491692891376310470e+01
-2.493074792243767135e+01
-2.494331065759637056e+01
-2.495461711923919879e+01
-2.496466730736615958e+01
-2.497346122197724938e+01
-2.498099886307246820e+01
-2.498728023065181603e+01
-2.499230532471529642e+01
-2.499607414526290583e+01
-2.499858669229464780e+01
-2.499984296581051524e+01
-2.499984296581051524e+01
-2.499858669229464780e+01
-2.499607414526290583e+01
-2.499230532471529642e+01
-2.498728023065181603e+01
-2.498099886307246820e+01
-2.497346122197724938e+01
-2.496466730736615958e+01
-2.495461711923920234e+01
-2.494331065759637056e+01
-2.493074792243767490e+01
-2.491692891376310470e+01
-2.490185363157266707e+01
-2.488552207586635845e+01
-2.486793424664417884e+01
-2.484909014390613180e+01
-2.482898976765221377e+01
-2.480763311788242476e+01
-2.478502019459676831e+01
-2.476115099779524087e+01
-2.473602552747784245e+01
-2.470964378364457659e+01
-2.468200576629543974e+01
-2.465311147543043191e+01
-2.462296091104955309e+01
-2.459155407315280684e+01
-2.455889096174018960e+01
-2.452497157681170492e+01
-2.448979591836734926e+01
-2.445336398640712261e+01
-2.441567578093102497e+01
-2.437673130193905990e+01
-2.433653054943122385e+01
-2.429507352340751680e+01
-2.425236022386794232e+01
-2.420839065081249686e+01
-2.416316480424118041e+01
-2.411668268415399652e+01
-2.406894429055093809e+01
-2.401994962343201578e+01
-2.396969868279721894e+01
-2.391819146864655465e+01
-2.386542798098001938e+01
-2.381140821979761313e+01
-2.375613218509934299e+01
-2.369959987688519476e+01
-2.364181129515518265e+01
-2.358276643990929955e+01
-2.352246531114754546e+01
-2.346090790886992039e+01
-2.339809423307642788e+01
-2.333402428376706084e+01
-2.326869806094182636e+01
-2.320211556460072444e+01
-2.313427679474375154e+01
-2.306518175137091120e+01
-2.299483043448219632e+01
-2.292322284407761401e+01
-2.285035898015716072e+01
-2.277623884272083643e+01
-2.270086243176864826e+01
-2.262422974730058201e+01
-2.254634078931665186e+01
-2.246719555781685074e+01
-2.238679405280117862e+01
-2.230513627426963552e+01
-2.222222222222222499e+01
-2.213805189665894346e+01
-2.205262529757978740e+01
-2.196594242498476746e+01
-2.187800327887387652e+01
-2.178880785924711816e+01
-2.169835616610448525e+01
-2.160664819944598491e+01
-2.151368395927161359e+01
-2.141946344558137127e+01
-2.132398665837526508e+01
-2.122725359765328434e+01
-2.112926426341543262e+01
-2.103001865566171347e+01
-2.092951677439212332e+01
-2.082775861960666219e+01
-2.072474419130533363e+01
-2.062047348948813408e+01
-2.051494651415506354e+01
-2.040816326530612557e+01
-2.030012374294131305e+01
-2.019082794706063666e+01
-2.008027587766408573e+01
-1.996846753475166736e+01
-1.985540291832337800e+01
-1.974108202837922121e+01
-1.962550486491919344e+01
-1.950867142794329467e+01
-1.939058171745152492e+01
-1.927123573344388774e+01
-1.915063347592037957e+01
-1.902877494488100041e+01
-1.890566014032575382e+01
-1.878128906225463624e+01
-1.865566171066764767e+01
-1.852877808556479167e+01
-1.840063818694606113e+01
-1.827124201481147026e+01
-1.814058956916100129e+01
-1.800868084999466134e+01
-1.787551585731245751e+01
-1.774109459111437914e+01
-1.760541705140043689e+01
-1.746848323817061654e+01
-1.733029315142492877e+01
-1.719084679116337711e+01
-1.705014415738594735e+01
-1.690818525009265016e+01
-1.676497006928348554e+01
-1.662049861495844993e+01
-1.647477088711754334e+01
-1.632778688576077286e+01
-1.617954661088812429e+01
-1.603005006249961184e+01
-1.587929724059522485e+01
-1.572728814517497398e+01
-1.557402277623884146e+01
-1.541950113378685039e+01
-1.526372321781898833e+01
-1.510668902833524641e+01
-1.494839856533564593e+01
-1.478885182882017624e+01
-1.462804881878883556e+01
-1.446598953524161324e+01
-1.430267397817853414e+01
-1.413810214759958406e+01
-1.397227404350475233e+01
-1.380518966589406205e+01
-1.363684901476750255e+01
-1.346725209012506141e+01
-1.329639889196676172e+01
-1.312428942029259282e+01
-1.295092367510254228e+01
-1.277630165639663318e+01
-1.260042336417485487e+01
-1.242328879843719314e+01
-1.224489795918367463e+01
-1.206525084641428691e+01
-1.188434746012901577e+01
-1.170218780032788786e+01
-1.151877186701089073e+01
-1.133409966017802262e+01
-1.114817117982927286e+01
-1.096098642596466632e+01
-1.077254539858418880e+01
-1.058284809768782786e+01
-1.039189452327561192e+01
-1.019968467534752499e+01
-1.000621855390355464e+01
-9.811496158943727508e+00
-9.615517490468032946e+00
-9.418282548476451410e+00
-9.219791332969016651e+00
-9.020043843945710904e+00
-8.819040081406534171e+00
-8.616780045351475792e+00
-8.413263735780560637e+00
-8.208491152693774495e+00
-8.002462296091106708e+00
-7.795177165972582145e+00
-7.586635762338186595e+00
-7.376838085187905847e+00
-7.165784134521771875e+00
-6.953473910339766917e+00
-6.739907412641880313e+00
-6.525084641428136933e+00
-6.309005596698522567e+00
-6.091670278453023002e+00
-5.873078686691670214e+00
-5.653230821414446439e+00
-5.432126682621337466e+00
-5.209766270312375269e+00
-4.986149584487542086e+00
-4.761276625146837915e+00
-4.535147392290248547e+00
-4.307761885917809508e+00
-4.079120106029495929e+00
-3.849222052625296708e+00
-3.618067725705244708e+00
-3.385657125269321721e+00
-3.151990251317513536e+00
-2.917067103849851684e+00
-2.680887682866322841e+00
-2.443451988366905248e+00
-2.204760020351634431e+00
-1.964811778820492627e+00
-1.723607263773483389e+00
-1.481146475210585400e+00
-1.237429413131834188e+00
-9.924560775372119892e-01
-7.462264684267045922e-01
-4.987405858003475245e-01
-2.499984296581159171e-01
8.881784197001252323e-16
